5450065985223188384683524631847094881743542733453965998380197157299507516892642766218042579611489219
3412536261686488853266895702825135879839839984828178680380587675167265184104453896687760845588988824
8745542302170917550721573009032259388810027912995207091811286928281004630899194656042824339771248864
6294446141717681048951097225830285480839105887360109475118340271403602635957396180617040675204398117
3671367668336114421920940239061262421339945667156602932958900627060122079113706520103464003755022391
8480893449858489956995793103635698237791607232551619791690383524012268994235360873405164302349692936
4210364193595097743535447767703086051126640518734327780803457790572336163159839582848483100263168494
1878920895747445689368815307892044538778708573695189668134083344721899353601300992292931676057149554
8200870796809668253475068907843061803116738244206129666441606240529239712200979881720720983032280774
1288168904581058047758246445978693359789938422310670415628156246135336567460468701720147738494469567
2766269466955552584583678024692592854066125363487142639190358814072536111051598241983846371086963477
3420842725756184258319855842548947769551135628921427723059201176667843030797663064437579153044854294
8997134569852991536913583921734354215063964680832011316744225456783147013067895137964245105898311669
9029405197996310528404607812302814279456285430198749677985710160259120351914559967811926531131869214
3296557299705210404005030839161269919617699010787786037332003692443957314304080767181104061911415501
8001751485335640817341990131355825404564287416641478010887348279887021532595184931785157233941368089
3581433056129322770908752279905675550674928136650442434894900239099589682259958773195735931777655660
5866969865764501859295271858606261953084219432477988684143296932490920877896521510194802588969884576
1901815066958386334273423366755050793648320685861882881422220603153501886743796167930765095050352561
7971563906674667944093124561969388490391183725717239089861550923614640122821759672666402180106974634
